109198050873767319283:
112295593599125236456:106979685909721202587
115648207668586976097:
109220102409722217850:111537184313133576060,111888739588953495768,113689682897347351554,113384687436207894295,114060560653755094383,117808007882679166713,105682383567660099170,107775507195859283509,101733986925662897940,101875167386183796144,114707064285418163509,114031773981548052429,112046846064892645131,118109835516708814710,102021401807059157892,113317041720731202611,104820094245986572400,108732479585026357475,102025061659045363610,106809830696206423131,107991774961408739763,104731572121437958509,114809508996662946128,111842669566825869918,104126593514428546490,104909835303440738353,102313739255519930085,101673810992195126422,104482180624525415400,112124826286676540144,115795745570945346180,103230254476051100333,115759199791528967234,113224164384648401429,110040555106272202857,105786104301516260106,103740316890968621040,103736461435631997063,104144318296949347225,101557249414178906821,102478456584221623585,117791125033699666825,109197202349498249341,112928000674562254218,103328719741749999120,102472066858568606374,112311727191298692080,109478686462656772421,108851234123395872099,105716358361186157225,109781605007126018124,110943061229398721882,101995905344450062462,109836415119362230953,101356879925818171162,112353001159641119350,114303368028594441036,105863765991589212128,109036399150912237677,108748903110186627224,105255029425235391839,110984606296902409171,110255147557467812843,106234303940032899497,110325927687682199657,110678466130166079561,108549440366020054672,109828874839920015698,110780184030565846913,107227612588099632853,111094126718041042776,100859129110484494404,111907644848132470120,117368895457657300969,102227482854544547266,101937845650981025817,113097448100439716387,102731002227893412619,103029146642887928678,114319366477849107891,106747319369471158909,109336213414524595865,111996697020646502660,102913594045606093044,117617235191286389397,111951694203625847761,101124940088787254275,113506262352912430099,115771768955686190211,113936762844755881064,112498382052047842635,115538558955006962430,102647078547252602050,100044097470453799228,110115714049270067658,107784582799743265956,100246674619154327215,110325578357666938245,114171866661738741351,110790901756033936468,111026796912227671216,102500198865758889623,116257552090164615811,104027245884402827439,116966005397014330076,111930257029458690087,105377126155144391063,102348213050493961129,118247488727774906897,111772276633099080374,117243880868937702299,110107546263577340351,114095082030046446687,114983373051593655078,101324645578960395901,114884145044190097364,113457718636251717309
104125122967457839502:
106766065991213269622:
105318618542414172875:
118204338461512586114:
109839549350673120396:
107118595441317254347:
