109198050873767319283 
112295593599125236456 106979685909721202587
115648207668586976097 
109220102409722217850 111537184313133576060
109220102409722217850 111888739588953495768
109220102409722217850 113689682897347351554
109220102409722217850 113384687436207894295
109220102409722217850 114060560653755094383
109220102409722217850 117808007882679166713
109220102409722217850 105682383567660099170
109220102409722217850 107775507195859283509
109220102409722217850 101733986925662897940
109220102409722217850 101875167386183796144
109220102409722217850 114707064285418163509
109220102409722217850 114031773981548052429
109220102409722217850 112046846064892645131
109220102409722217850 118109835516708814710
109220102409722217850 102021401807059157892
109220102409722217850 113317041720731202611
109220102409722217850 104820094245986572400
109220102409722217850 108732479585026357475
109220102409722217850 102025061659045363610
109220102409722217850 106809830696206423131
109220102409722217850 107991774961408739763
109220102409722217850 104731572121437958509
109220102409722217850 114809508996662946128
109220102409722217850 111842669566825869918
109220102409722217850 104126593514428546490
109220102409722217850 104909835303440738353
109220102409722217850 102313739255519930085
109220102409722217850 101673810992195126422
109220102409722217850 104482180624525415400
109220102409722217850 112124826286676540144
109220102409722217850 115795745570945346180
109220102409722217850 103230254476051100333
109220102409722217850 115759199791528967234
109220102409722217850 113224164384648401429
109220102409722217850 110040555106272202857
109220102409722217850 105786104301516260106
109220102409722217850 103740316890968621040
109220102409722217850 103736461435631997063
109220102409722217850 104144318296949347225
109220102409722217850 101557249414178906821
109220102409722217850 102478456584221623585
109220102409722217850 117791125033699666825
109220102409722217850 109197202349498249341
109220102409722217850 112928000674562254218
109220102409722217850 103328719741749999120
109220102409722217850 102472066858568606374
109220102409722217850 112311727191298692080
109220102409722217850 109478686462656772421
109220102409722217850 108851234123395872099
109220102409722217850 105716358361186157225
109220102409722217850 109781605007126018124
109220102409722217850 110943061229398721882
109220102409722217850 101995905344450062462
109220102409722217850 109836415119362230953
109220102409722217850 101356879925818171162
109220102409722217850 112353001159641119350
109220102409722217850 114303368028594441036
109220102409722217850 105863765991589212128
109220102409722217850 109036399150912237677
109220102409722217850 108748903110186627224
109220102409722217850 105255029425235391839
109220102409722217850 110984606296902409171
109220102409722217850 110255147557467812843
109220102409722217850 106234303940032899497
109220102409722217850 110325927687682199657
109220102409722217850 110678466130166079561
109220102409722217850 108549440366020054672
109220102409722217850 109828874839920015698
109220102409722217850 110780184030565846913
109220102409722217850 107227612588099632853
109220102409722217850 111094126718041042776
109220102409722217850 100859129110484494404
109220102409722217850 111907644848132470120
109220102409722217850 117368895457657300969
109220102409722217850 102227482854544547266
109220102409722217850 101937845650981025817
109220102409722217850 113097448100439716387
109220102409722217850 102731002227893412619
109220102409722217850 103029146642887928678
109220102409722217850 114319366477849107891
109220102409722217850 106747319369471158909
109220102409722217850 109336213414524595865
109220102409722217850 111996697020646502660
109220102409722217850 102913594045606093044
109220102409722217850 117617235191286389397
109220102409722217850 111951694203625847761
109220102409722217850 101124940088787254275
109220102409722217850 113506262352912430099
109220102409722217850 115771768955686190211
109220102409722217850 113936762844755881064
109220102409722217850 112498382052047842635
109220102409722217850 115538558955006962430
109220102409722217850 102647078547252602050
109220102409722217850 100044097470453799228
109220102409722217850 110115714049270067658
109220102409722217850 107784582799743265956
109220102409722217850 100246674619154327215
109220102409722217850 110325578357666938245
109220102409722217850 114171866661738741351
109220102409722217850 110790901756033936468
109220102409722217850 111026796912227671216
109220102409722217850 102500198865758889623
109220102409722217850 116257552090164615811
109220102409722217850 104027245884402827439
109220102409722217850 116966005397014330076
109220102409722217850 111930257029458690087
109220102409722217850 105377126155144391063
109220102409722217850 102348213050493961129
109220102409722217850 118247488727774906897
109220102409722217850 111772276633099080374
109220102409722217850 117243880868937702299
109220102409722217850 110107546263577340351
109220102409722217850 114095082030046446687
109220102409722217850 114983373051593655078
109220102409722217850 101324645578960395901
109220102409722217850 114884145044190097364
109220102409722217850 113457718636251717309
104125122967457839502 
106766065991213269622 
105318618542414172875 
118204338461512586114 
109839549350673120396 
107118595441317254347 
